0         0.00000e+00
0.02      1.61270e-01
0.04      2.89682e-01
0.06      3.91191e-01
0.08      4.70675e-01
0.1       5.32125e-01
0.12      5.78811e-01
0.14      6.13409e-01
0.16      6.38111e-01
0.18      6.54709e-01
0.2       6.64674e-01
0.22      6.69207e-01
0.24      6.69293e-01
0.26      6.65738e-01
0.28      6.59203e-01
0.3       6.50227e-01
0.32      6.39252e-01
0.34      6.26642e-01
0.36      6.12693e-01
0.38      5.97646e-01
0.4       5.81703e-01
0.42      5.65023e-01
0.44      5.47743e-01
0.46      5.29969e-01
0.48      5.11792e-01
0.5       4.93285e-01
0.52      4.74507e-01
0.54      4.55508e-01
0.56      4.36328e-01
0.58      4.16999e-01
0.6       3.97548e-01
0.62      3.77999e-01
0.64      3.58367e-01
0.66      3.38670e-01
0.68      3.18917e-01
0.7       2.99120e-01
0.72      2.79286e-01
0.74      2.59422e-01
0.76      2.39534e-01
0.78      2.19626e-01
0.8       1.99701e-01
0.82      1.79763e-01
0.84      1.59813e-01
0.86      1.39855e-01
0.88      1.19889e-01
0.9       9.99175e-02
0.92      7.99407e-02
0.94      5.99600e-02
0.96      3.99759e-02
1         0.00000e+00
